0 1 31 308 537
1 0 24 56 154 572 771 979
2 142 164 279 487 498 533 959
3 227 407
4 82 224 269 316 332 629 799
5 50 197 670 967
6 66 71 375 410 463 582 669 707
7 414 476 559 649 837
8 334 663 840 960
9 22 53 722
10 127 162 184 242 280 560
11 479 502 780
12 19 159 195 260 341 448 892
13 98 117 220 458 983
14 115 312 372 431 876
15 128 808
16 124 212 337 621 755
17 296 428 478 693 948
18 352 467 849
19 12 21 188 214 503 591
20 502 540 758 807 901
21 19 39 98 133 306 790 939
22 9 139
23 85 138 304 862 886 933
24 1 105 888
25 198 395 611 618 813
26 256 609 740
27 515 711
28 140 284 312 335 868
29 192 199 241 820 869
30 102 461 602 893
31 0 42 238 250 390
32 54 403 849 889
33 199 371 389 564 728
34 177 454
35 88 123 453
36 116 144 371 946
37 147 545 903 993
38 415 782 955
39 21 233 239 469 483
40 47 418 485 548
41 107 231 370 435 736
42 31 327 474 488 694 765 851 984
43 44 55 304 325 443 764
44 43 474 716 912
45 122 673 787 987
46 327 396 618 628 943
47 40 655 869
48 388 457 613 618
49 84 361 465 871
50 5 62 144 699 736
51 247 311
52 529 763
53 9 371 441
54 32 825 957 980
55 43 75 81 138 227 782
56 1 323 709
57 736 845 893
58 525 694
59 284 435 475 643 905
60 199 277 419 651
61 155 243 366 528
62 50 259 529 891
63 202 570 681
64 258 801 932
65 224 256 283 455
66 6 244 606
67 136 170 246 622
68 99 312 659
69 157 932
70 166 604 962
71 6 101 139 727 831
72 185 658 857
73 168 195 633 712 715
74 248 704 899 991
75 55 249 553 571 609 738 751
76 537 810
77 206 316 747 770
78 474 928
79 198 377 665
80 93 181 211 519 576
81 55 780
82 4 103 496 553 907
83 165 238 500 936
84 49 534 820 826
85 23 649 745 956
86 420 540 595 766
87 157 281 385 978
88 35 461 721 923 946
89 478 493 583 816 941
90 231 390 646 661 778 832
91 119 331 499 724 758 929
92 180 846
93 80 539 569 919
94 141 724 908
95 367 635
96 497 545 551
97 315 512 743
98 13 21 282 394 527 750 756 793 907
99 68 128 398
100 102 108 468 949
101 71 126 351 686
102 30 100 117 357 701
103 82 418 651 989
104 108 129 814
105 24 656 748
106 150 463
107 41 561 661 841 854
108 100 104 345
109 284 300 346 349 675 906
110 155 338 986
111 160 206 698 775
112 301 576 807 909 930 940
113 175 336 350 550 638
114 144 201 616
115 14 125 236 552 885
116 36 266 334
117 13 102 538 689
118 212 386 952 997
119 91 141 251 596 642 821
120 364 484 539 630
121 317 387
122 45 594
123 35 807
124 16 577 592
125 115 321 961 980
126 101 380 825
127 10 716 837
128 15 99 507 560 977
129 104 459
130 144 149 361 754 897
131 644 858
132 482 483 767 936
133 21 631 923
134 866 887
135 146 174 307 309 322 423 698
136 67 198 733 899
137 260 786 845
138 23 55 294 387
139 22 71
140 28 160 219 396 477 933
141 94 119 311 362
142 2 603 804 834
143 196 386 940 976
144 36 50 114 130 499 751
145 205 555
146 135 253 283 664 735 929 940
147 37 210 796
148 287 927 985
149 130 296 453 688
150 106 329 591 609 805 817 840
151 187 250 733
152 396 426 557 584 980
153 265 539 781
154 1 212 432 787
155 61 110 162 426 483 756
156 232 494 512 564 599 605
157 69 87 261 275 404 895
158 195 214 468 846
159 12 572 722 950
160 111 140 561 835
161 248 293 297 541 639 913
162 10 155 244 338
163 357 400 578
164 2 507
165 83 208 758 974
166 70 324 789 903
167 295 572
168 73 313 710 880
169 207 529 646
170 67 424 562 693 696
171 344 684 739 935
172 301 940
173 277 478 480 518 599 954
174 135 337 384 430
175 113 379 830
176 217 339 343 364 607 905
177 34 222 474 650 654
178 460 478 769 907
179 348 531 630 639 683 938 946
180 92 622 690 691 824
181 80 278 561
182 390 770
183 372 533 608 671
184 10 663 740 842 965
185 72 441
186 441 697 717
187 151 314 656
188 19 235 322 381 519 656
189 614 625 636 706 777 830 874
190 384 470 648 659
191 514 551 603 604 865
192 29 408 558 741 776 837
193 247 582 950 972
194 356 526 937
195 12 73 158 200 301 699
196 143 250 331 336 410 643 654
197 5 505 530 689 971
198 25 79 136 448
199 29 33 60 399 579 644 718
200 195 270 276 392 437 673 682 704
201 114 214 475 673
202 63 209 421 937
203 219 245 416 574 589 698 783
204 436 731
205 145 410 629 911 974
206 77 111 536 538 662
207 169 273 580 765
208 165 562 866
209 202 373 587 841
210 147 248 293 575 758
211 80 277 369 947
212 16 118 154
213 737 746 790
214 19 158 201 675 705
215 501 609 838
216 402 451 542 757 859
217 176 713 892 910
218 259 309 395 634 851 885
219 140 203 936 963
220 13 402 598
221 520 532 828
222 177 900
223 501 558 797 847
224 4 65 916
225 597 933 965
226 442 518 795 862 908
227 3 55 255 374 406
228 451 664 943 954
229 302 578 944 989
230 412 416 841 889
231 41 90 323
232 156 360 449 506 658 705
233 39 962
234 378 485 637 683 737
235 188 399 824 921
236 115 319 424 504 666
237 274 534 812 845
238 31 83 288 931
239 39 382 779 933
240 387 436 727 949
241 29 377 530 539
242 10 555 563 748 881
243 61 702 997
244 66 162 321 732 995
245 203 269 642 835
246 67 407
247 51 193 503 701 890
248 74 161 210
249 75 347 374 471 657
250 31 151 196 990
251 119 378 419
252 303 557 583 684 991
253 146 443 484 546 722 992
254 449 719 883 957
255 227 827
256 26 65
257 280 785 884 958
258 64 613 633 651
259 62 218 644
260 12 137 403 488 535
261 157 607 641
262 531 826
263 274 489 744
264 318 335 503
265 153 290 426 880
266 116 570 796 920
267 399 698 760 800
268 485 655 757 967
269 4 245 298 340 490 598 620 679
270 200 916
271 315 667 712 935
272 385 524 637 973
273 207 342 543 576 650
274 237 263 519 891
275 157 721 807 832 896
276 200 281 644
277 60 173 211 615
278 181 894
279 2 383 832
280 10 257 426
281 87 276 726 968
282 98 312
283 65 146 600 967
284 28 59 109 549 627
285 336 419 961
286 465 568 572 965
287 148 632 815 819
288 238 385 798 852
289 457 752
290 265 569 741 967
291 310 579 657
292 679 737
293 161 210 720
294 138 624
295 167 318 330
296 17 149 387 618 713
297 161 367 370 793
298 269 791 955
299 509 544 550
300 109 335 560 598 685 822
301 112 172 195
302 229 439 490 507 872 930
303 252 493 581
304 23 43 647
305 328 359 661 786 833 950
306 21 492 861 922
307 135 314 534
308 0 417 809
309 135 218 380 987 996
310 291 536 985
311 51 141 679
312 14 28 68 282 327 385 858 879
313 168 677 684 875 951
314 187 307
315 97 271 486 764
316 4 77 391
317 121 752
318 264 295 563 575 937
319 236 653
320 556 918 940
321 125 244 342 688 764
322 135 188 594
323 56 231 523
324 166 436
325 43 397 511 648 700 969
326 492 817
327 42 46 312 766
328 305 425 872
329 150 512 944
330 295 347 946
331 91 196 798
332 4 714 729 854 885
333 346 695
334 8 116 714
335 28 264 300 391 768 831
336 113 196 285 398
337 16 174
338 110 162 759
339 176 573 672 732 874
340 269 578
341 12 416 440
342 273 321 398 536 915 996
343 176 496
344 171 982
345 108 604 823
346 109 333 634
347 249 330 365 466
348 179 565
349 109 524 951
350 113 589 599 666 878
351 101 541 709 867 911
352 18 767
353 487 597
354 632 926
355 517 940
356 194 362 801
357 102 163 728 953
358 831 902
359 305 839
360 232 518 644 805 981
361 49 130 422 734
362 141 356 526 993
363 473 893
364 120 176 482 759
365 347 467
366 61 780
367 95 297 444 630
368 447 766 909
369 211 451 475 525 549
370 41 297 934
371 33 36 53 662
372 14 183 392 636
373 209 415 543 838
374 227 249 427 931
375 6 568 991
376 497 914
377 79 241 601
378 234 251 608 744
379 175 425 617 704 890 946
380 126 309 384
381 188 384 743
382 239 773
383 279 424 924
384 174 190 380 381
385 87 272 288 312 571 729
386 118 143 820
387 121 138 240 296
388 48 479 674 692
389 33 545 659
390 31 90 182 754
391 316 335
392 200 372 432 906
393 396 739 799
394 98 477 510 608 631 744
395 25 218
396 46 140 152 393
397 325 579 647
398 99 336 342 478 508 636
399 199 235 267
400 163 740 853
401 495 588 723 969 982
402 216 220
403 32 260 620 679 681 738 774
404 157 463 513
405 414 743
406 227 918
407 3 246 506 931
408 192 440 913
409 575 951
410 6 196 205 803 928
411 528 718 948
412 230 689 881
413 481 890
414 7 405
415 38 373 506 971
416 203 230 341
417 308 930
418 40 103 543 602
419 60 251 285 978
420 86 666
421 202 598 905
422 361 481 901 982
423 135 472 505 543 592 792
424 170 236 383 437
425 328 379 601 735 797
426 152 155 265 280 561
427 374 753 996
428 17 548
429 463 694 814
430 174 650 656
431 14 707 798
432 154 392 691
433 700 788 936
434 683 790 937
435 41 59 512 832 868 898
436 204 240 324 464
437 200 424
438 561 586
439 302 492 576 663 848
440 341 408 619 802
441 53 185 186 491 638
442 226 497 589 615 762
443 43 253
444 367 657
445 570 775
446 532 666 943
447 368 548 850
448 12 198 549 581 762
449 232 254
450 809 815 818 950
451 216 228 369 563
452 462 563 672 811 999
453 35 149 508
454 34 600 608
455 65 661
456 497 511 519 610 841
457 48 289
458 13 489 640 642
459 129 819
460 178 606 844
461 30 88 596 703 763
462 452 783
463 6 106 404 429
464 436 824 959
465 49 286 503 527 734
466 347 829 848 867 892
467 18 365 562 706
468 100 158 724
469 39 544 772 915
470 190 703 718 728 745 789
471 249 690 707 794 862
472 423 698 977
473 363 513 612 840
474 42 44 78 177 482 907 970
475 59 201 369 678 756
476 7 634 686 843
477 140 394 603 610
478 17 89 173 178 398
479 11 388 900
480 173 689 922 990
481 413 422
482 132 364 474 592 833 914
483 39 132 155 684 863
484 120 253 630 917
485 40 234 268 520 781
486 315 710 998
487 2 353 772
488 42 260 840 867
489 263 458 495 982
490 269 302 942 963
491 441 574 678 824
492 306 326 439 758
493 89 303
494 156 656
495 401 489 816
496 82 343
497 96 376 442 456 732
498 2 994
499 91 144 526
500 83 899 956
501 215 223 715 766
502 11 20 591 981
503 19 247 264 465 910
504 236 597 600 947
505 197 423 527
506 232 407 415 897
507 128 164 302 621
508 398 453
509 299 818
510 394 578 580 687
511 325 456 699 760 833
512 97 156 329 435
513 404 473
514 191 602 781 805
515 27 566 596 617 643
516 652 873
517 355 882
518 173 226 360
519 80 188 274 456
520 221 485 767 787
521 843 870
522 604 696
523 323 554 641
524 272 349
525 58 369 791 924
526 194 362 499 557
527 98 465 505 856
528 61 411 957
529 52 62 169
530 197 241
531 179 262 654 863 887
532 221 446 628
533 2 183
534 84 237 307 758
535 260 687 877 949
536 206 310 342 976
537 0 76 564 809
538 117 206 795
539 93 120 153 241
540 20 86
541 161 351 745 902
542 216 548 938
543 273 373 418 423 735
544 299 469 784 875
545 37 96 389 619 666 796
546 253 727 741 774
547 782 850
548 40 428 447 542
549 284 369 448
550 113 299 685 808
551 96 191 611
552 115 756 789 853 921
553 75 82
554 523 804 859
555 145 242
556 320 745
557 152 252 526 886
558 192 223 713
559 7 585 897
560 10 128 300 643
561 107 160 181 426 438 726
562 170 208 467 607 680
563 242 318 451 452 835 970
564 33 156 537 989
565 348 925
566 515 680
567 624 653 841 847
568 286 375 716
569 93 290 784
570 63 266 445
571 75 385 865
572 1 159 167 286 599
573 339 983
574 203 491
575 210 318 409 611
576 80 112 273 439 724 755
577 124 629 653 931
578 163 229 340 510
579 199 291 397 662 788 958
580 207 510 971
581 303 448
582 6 193
583 89 252 736 742 945
584 152 676 759 882 990
585 559 817
586 438 746 919
587 209 810
588 401 689 694 802 827
589 203 350 442 927 966
590 641 695 738
591 19 150 502
592 124 423 482 593
593 592 594 749 923
594 122 322 593
595 86 645
596 119 461 515
597 225 353 504 911
598 220 269 300 421
599 156 173 350 572 748
600 283 454 504
601 377 425
602 30 418 514
603 142 191 477
604 70 191 345 522
605 156 618 691
606 66 460 635
607 176 261 562
608 183 378 394 454
609 26 75 150 215 861
610 456 477
611 25 551 575 741 994
612 473 723 830
613 48 258 732 972
614 189 808 987
615 277 442 803 826
616 114 742 844
617 379 515 694 931
618 25 46 48 296 605 627 926
619 440 545 665
620 269 403 677 941
621 16 507
622 67 180 662 941 999
623 758 962
624 294 567
625 189 760 802 941
626 731 829 952
627 284 618 646 904
628 46 532 670 799
629 4 205 577
630 120 179 367 484
631 133 394 753
632 287 354 795
633 73 258
634 218 346 476
635 95 606 774 836 921
636 189 372 398 857 858 992 998
637 234 272
638 113 441 749 866
639 161 179
640 458 833
641 261 523 590 956
642 119 245 458
643 59 196 515 560
644 131 199 259 276 360 685
645 595 654
646 90 169 627
647 304 397
648 190 325
649 7 85 885
650 177 273 430
651 60 103 258 671 693 834 942
652 516 669 711
653 319 567 577 887
654 177 196 531 645
655 47 268
656 105 187 188 430 494 725
657 249 291 444 675
658 72 232 720
659 68 190 389 973
660 894 909 990 996
661 90 107 305 455
662 206 371 579 622
663 8 184 439
664 146 228 703
665 79 619 732
666 236 350 420 446 545 712
667 271 866 921
668 794 811
669 6 652 925
670 5 628
671 183 651
672 339 452 969
673 45 200 201 676
674 388 792 995
675 109 214 657 685
676 584 673 731
677 313 620
678 475 491 771 865
679 269 292 311 403
680 562 566 749 777
681 63 403
682 200 773
683 179 234 434 730
684 171 252 313 483 697
685 300 550 644 675 818
686 101 476
687 510 535
688 149 321
689 117 197 412 480 588
690 180 471 980
691 180 432 605 823
692 388 702 726 972 976
693 17 170 651
694 42 58 429 588 617
695 333 590 724
696 170 522
697 186 684 885
698 111 135 203 267 472 912
699 50 195 511
700 325 433 975
701 102 247 729
702 243 692 858
703 461 470 664
704 74 200 379 897
705 214 232
706 189 467
707 6 431 471
708 818 988 992
709 56 351
710 168 486
711 27 652
712 73 271 666
713 217 296 558
714 332 334 955
715 73 501 822
716 44 127 568 836 905
717 186 954 961
718 199 411 470
719 254 799 876 981
720 293 658 974
721 88 275
722 9 159 253
723 401 612 748
724 91 94 468 576 695
725 656 728
726 281 561 692 829 844 870
727 71 240 546
728 33 357 470 725 913 992
729 332 385 701
730 683 761 833 979
731 204 626 676
732 244 339 497 613 665
733 136 151
734 361 465
735 146 425 543 880 987
736 41 50 57 583
737 213 234 292 886
738 75 403 590 776 803 919 953
739 171 393 968
740 26 184 400 747 781
741 192 290 546 611 779
742 583 616 985
743 97 381 405
744 263 378 394 909
745 85 470 541 556
746 213 586
747 77 740 761 780
748 105 242 599 723 931 932
749 593 638 680 768 883 988
750 98 842
751 75 144 797 879 954
752 289 317
753 427 631
754 130 390 784
755 16 576 961
756 98 155 475 552
757 216 268
758 20 91 165 210 492 534 623
759 338 364 584 801
760 267 511 625 964
761 730 747 894
762 442 448 919
763 52 461
764 43 315 321 900
765 42 207
766 86 327 368 501 837 872
767 132 352 520
768 335 749 864 888
769 178 792 988
770 77 182
771 1 678
772 469 487 781
773 382 682
774 403 546 635 853 927
775 111 445
776 192 738 793
777 189 680
778 90 943 965
779 239 741
780 11 81 366 747
781 153 485 514 740 772
782 38 55 547
783 203 462 863
784 544 569 754
785 257 813 855
786 137 305
787 45 154 520
788 433 579
789 166 470 552 961
790 21 213 434
791 298 525 849
792 423 674 769
793 98 297 776 898 934
794 471 668
795 226 538 632 915
796 147 266 545 842
797 223 425 751
798 288 331 431
799 4 393 628 719
800 267 993
801 64 356 759 860
802 440 588 625
803 410 615 738
804 142 554 877
805 150 360 514 945
806 877 995
807 20 112 123 275 824
808 15 550 614
809 308 450 537 866 884
810 76 587
811 452 668 851 944
812 237 930
813 25 785 966
814 104 429
815 287 450 884
816 89 495 878
817 150 326 585
818 450 509 685 708
819 287 459
820 29 84 386 910
821 119 871
822 300 715 828
823 345 691
824 180 235 464 491 807 960
825 54 126 859
826 84 262 615
827 255 588
828 221 822 910
829 466 626 726 964
830 175 189 612 975
831 71 335 358
832 90 275 279 435
833 305 482 511 640 730
834 142 651 896
835 160 245 563 855 890
836 635 716 895
837 7 127 192 766
838 215 373
839 359 969
840 8 150 473 488
841 107 209 230 456 567
842 184 750 796
843 476 521
844 460 616 726
845 57 137 237
846 92 158
847 223 567
848 439 466
849 18 32 791 864
850 447 547
851 42 218 811
852 288 993
853 400 552 774
854 107 332 904
855 785 835
856 527 894 917
857 72 636
858 131 312 636 702 921
859 216 554 825 867 973
860 801 881 934
861 306 609
862 23 226 471
863 483 531 783
864 768 849 962
865 191 571 678
866 134 208 638 667 809
867 351 466 488 859
868 28 435
869 29 47
870 521 726 973
871 49 821
872 302 328 766
873 516 923
874 189 339 903
875 313 544
876 14 719
877 535 804 806
878 350 816
879 312 751
880 168 265 735
881 242 412 860
882 517 584 906
883 254 749
884 257 809 815 995
885 115 218 332 649 697 979
886 23 557 737
887 134 531 653
888 24 768
889 32 230
890 247 379 413 835
891 62 274
892 12 217 466 936
893 30 57 363
894 278 660 761 856
895 157 836
896 275 834
897 130 506 559 704 971
898 435 793 920 943
899 74 136 500
900 222 479 764
901 20 422
902 358 541 927 953
903 37 166 874
904 627 854 982
905 59 176 421 716
906 109 392 882
907 82 98 178 474
908 94 226 951
909 112 368 660 744
910 217 503 820 828
911 205 351 597 978
912 44 698
913 161 408 728
914 376 482
915 342 469 795
916 224 270
917 484 856
918 320 406
919 93 586 738 762
920 266 898
921 235 552 635 667 858 984
922 306 480
923 88 133 593 873
924 383 525
925 565 669 982
926 354 618
927 148 589 774 902
928 78 410
929 91 146
930 112 302 417 812
931 238 374 407 577 617 748
932 64 69 748
933 23 140 225 239
934 370 793 860
935 171 271
936 83 132 219 433 892
937 194 202 318 434 986
938 179 542
939 21 964
940 112 143 146 172 320 355
941 89 620 622 625
942 490 651
943 46 228 446 778 898
944 229 329 811
945 583 805
946 36 88 179 330 379
947 211 504 998
948 17 411
949 100 240 535
950 159 193 305 450
951 313 349 409 908
952 118 626
953 357 738 902
954 173 228 717 751
955 38 298 714
956 85 500 641
957 54 254 528
958 257 579
959 2 464
960 8 824
961 125 285 717 755 789
962 70 233 623 864
963 219 490
964 760 829 939
965 184 225 286 778
966 589 813
967 5 268 283 290
968 281 739
969 325 401 672 839
970 474 563
971 197 415 580 897
972 193 613 692
973 272 659 859 870
974 165 205 720
975 700 830
976 143 536 692
977 128 472
978 87 419 911 988
979 1 730 885
980 54 125 152 690
981 360 502 719
982 344 401 422 489 904 925
983 13 573
984 42 921
985 148 310 742
986 110 937
987 45 309 614 735
988 708 749 769 978
989 103 229 564
990 250 480 584 660
991 74 252 375
992 253 636 708 728 998
993 37 362 800 852
994 498 611
995 244 674 806 884
996 309 342 427 660
997 118 243
998 486 636 947 992
999 452 622
